[gd_scene load_steps=2 format=3 uid="uid://bvba3fb8e6ico"]

[ext_resource type="PackedScene" uid="uid://cyi01w2ntajhm" path="res://assets/prototype/characters/character_model/Knight.glb" id="1_rwglm"]

[node name="Knight" instance=ExtResource("1_rwglm")]

[node name="Skeleton3D" parent="Rig" index="0"]
bones/1/position = Vector3(0, 0.392064, 0)
bones/1/rotation = Quaternion(-1.11123e-10, 0.0431578, 2.57241e-09, 0.999068)
bones/2/rotation = Quaternion(-6.93889e-18, 7.10543e-15, 4.93038e-32, 1)
bones/3/rotation = Quaternion(8.27181e-25, 3.72529e-09, 0, 1)
bones/4/rotation = Quaternion(-0.559906, -0.0608803, -0.643974, 0.517779)
bones/5/rotation = Quaternion(3.65498e-08, -4.88301e-08, -0.494719, 0.869053)
bones/7/rotation = Quaternion(-0.321065, -0.325319, 0.145726, 0.87741)
bones/14/rotation = Quaternion(-0.618244, 0.0807286, 0.618012, 0.478873)
bones/15/rotation = Quaternion(2.09853e-08, 5.12855e-08, 0.517939, 0.855417)
bones/17/rotation = Quaternion(-0.319291, 0.300524, -0.22735, 0.869512)
bones/18/rotation = Quaternion(-1.02444e-09, -4.24391e-09, 0.707107, 0.707107)
bones/21/rotation = Quaternion(-5.80608e-11, -0.0313417, -1.88012e-09, 0.999509)
bones/24/rotation = Quaternion(0.996185, 0.0479136, 0.0566427, -0.045939)
bones/25/rotation = Quaternion(0.165014, 6.49414e-08, -1.11407e-07, 0.986291)
bones/26/rotation = Quaternion(-0.533729, -0.260895, -1.73018e-05, 0.804405)
bones/28/rotation = Quaternion(0.997322, -0.0294574, 0.0315293, 0.0590483)
bones/29/rotation = Quaternion(0.274008, -6.38135e-08, 1.92761e-07, 0.961727)
bones/30/rotation = Quaternion(-0.559039, 0.114513, -0.00862764, 0.82115)
bones/33/position = Vector3(0.213918, 0.0259903, 0.173866)
bones/33/rotation = Quaternion(-0.705092, 0.0533355, 0.0533355, 0.705092)
bones/34/rotation = Quaternion(9.65792e-09, 1.77955e-09, 0.985719, -0.168398)
bones/35/rotation = Quaternion(-1.04035e-07, 0.391084, 0.920355, -2.9526e-08)
bones/41/rotation = Quaternion(-5.83589e-09, 6.43837e-10, 0.994809, 0.101756)
bones/42/rotation = Quaternion(-1.04035e-07, 0.391084, 0.920355, -2.95261e-08)
bones/47/position = Vector3(0.520841, 0.788312, -0.0576373)
bones/47/rotation = Quaternion(0.794627, -9.80973e-08, 0.607098, -8.14761e-08)
bones/49/position = Vector3(-0.510844, 0.788312, 0.0597369)
bones/49/rotation = Quaternion(-0.758253, -2.06327e-07, 0.651961, -2.6433e-08)

[node name="1H_Sword_Offhand" parent="Rig/Skeleton3D" index="0"]
transform = Transform3D(-4.81376e-09, 0.262865, 0.964832, 0.999999, -4.14425e-07, 5.38426e-07, 7.55765e-07, 0.964832, -0.262865, 0.51224, 0.636705, -0.00210784)
visible = false
bone_idx = 9

[node name="Badge_Shield" parent="Rig/Skeleton3D" index="1"]
transform = Transform3D(1.76059e-08, 0.262864, 0.964832, 0.999999, -2.9496e-06, 1.20589e-06, 3.37724e-06, 0.964832, -0.262864, 0.662643, 0.636706, -0.0430846)
visible = false
bone_idx = 10

[node name="Rectangle_Shield" parent="Rig/Skeleton3D" index="2"]
transform = Transform3D(1.76059e-08, 0.262864, 0.964832, 0.999999, -2.9496e-06, 1.20589e-06, 3.37724e-06, 0.964832, -0.262864, 0.662643, 0.636706, -0.0430846)
visible = false
bone_idx = 11

[node name="Round_Shield" parent="Rig/Skeleton3D" index="3"]
transform = Transform3D(1.76059e-08, 0.262864, 0.964832, 0.999999, -2.9496e-06, 1.20589e-06, 3.37724e-06, 0.964832, -0.262864, 0.662643, 0.636706, -0.0430846)
bone_idx = 12

[node name="Spike_Shield" parent="Rig/Skeleton3D" index="4"]
transform = Transform3D(1.76059e-08, 0.262864, 0.964832, 0.999999, -2.9496e-06, 1.20589e-06, 3.37724e-06, 0.964832, -0.262864, 0.662643, 0.636706, -0.0430846)
visible = false
bone_idx = 13

[node name="1H_Sword" parent="Rig/Skeleton3D" index="5"]
transform = Transform3D(2.88042e-07, -0.149894, 0.988701, 0.999999, -1.09988e-06, -7.7486e-07, 1.46941e-06, 0.988701, 0.149894, -0.496054, 0.64103, 0.139528)
bone_idx = 19

[node name="2H_Sword" parent="Rig/Skeleton3D" index="6"]
transform = Transform3D(2.72302e-07, -0.149894, 0.988701, 0.999999, -1.11461e-06, -7.61174e-07, 1.48192e-06, 0.988701, 0.149894, -0.496054, 0.64103, 0.139528)
visible = false
bone_idx = 20

[node name="Knight_Helmet" parent="Rig/Skeleton3D" index="7"]
transform = Transform3D(0.99972, -1.40145e-09, 0.0236468, 1.39343e-09, 1, 3.55687e-10, -0.0236468, -3.22638e-10, 0.99972, 4.69869e-07, 1.20229, -1.19779e-07)
bone_idx = 22

[node name="Knight_Cape" parent="Rig/Skeleton3D" index="8"]
transform = Transform3D(0.996275, -5.14962e-09, 0.0862354, 5.13044e-09, 1, 4.44078e-10, -0.0862354, 1.46374e-15, 0.996275, -1.63023e-08, 1.20229, -1.40136e-07)
bone_idx = 23
